-0.6659258 0.2588190 -3.0000000 
1.2659258 -0.2588190 -3.0000000 
0.5461515 0.9186501 -2.6909830 

1.1000000 -1.0000000 -2.9000000 
1.1000000 1.0000000 -2.9000000 
0.1603074 0.0000000 -2.5579799 

1.8067073 0.5263518 -3.4648625 
0.1932927 0.8736482 -2.3351375 
0.8577557 -0.2848078 -2.8003995 

-3.0000000 1.5000000 -3.0000000 
-1.0000000 1.5000000 -3.0000000 
-2.0000000 0.5000000 -3.0000000 

-1.0000000 2.9000000 -3.0000000 
1.0000000 2.9000000 -3.0000000 
0.0000000 1.9000000 -3.0000000 

-1.0000000 -1.8000000 -3.0000000 
1.0000000 -1.8000000 -3.0000000 
0.0000000 -2.8000000 -3.0000000 

1.3000000 0.0000000 -3.0000000 
3.3000000 0.0000000 -3.0000000 
2.3000000 -1.0000000 -3.0000000 

