0.6659258 0.0000000 0.2588190 
-1.2659258 0.0000000 -0.2588190 
-0.5461515 0.3090170 0.9186501 

-1.1000000 0.1000000 -1.0000000 
-1.1000000 0.1000000 1.0000000 
-0.1603074 0.4420201 0.0000000 

-1.8067073 -0.4648625 0.5263518 
-0.1932927 0.6648625 0.8736482 
-0.8577557 0.1996005 -0.2848078 

3.0000000 0.0000000 1.5000000 
1.0000000 0.0000000 1.5000000 
2.0000000 0.0000000 0.5000000 

1.0000000 0.0000000 2.9000000 
-1.0000000 0.0000000 2.9000000 
0.0000000 0.0000000 1.9000000 

1.0000000 0.0000000 -1.8000000 
-1.0000000 0.0000000 -1.8000000 
0.0000000 0.0000000 -2.8000000 

-1.3000000 0.0000000 0.0000000 
-3.3000000 0.0000000 0.0000000 
-2.3000000 0.0000000 -1.0000000 

