-0.2645398 0.1028162 0.3468013 
0.5028905 -0.1028162 0.3468013 
0.2418737 0.4068419 0.2694719 

0.4520445 -0.4109495 0.3235806 
0.4520445 0.4109495 0.3235806 
0.0746866 0.0000000 0.2304374 

0.6214243 0.1810408 0.4371480 
0.0986483 0.4458724 0.1550701 
0.3650313 -0.1212044 0.2988042 

-1.1917536 0.5958768 0.3468013 
-0.3972512 0.5958768 0.3468013 
-0.7945024 0.1986256 0.3468013 

-0.3972512 1.1520285 0.3468013 
0.3972512 1.1520285 0.3468013 
0.0000000 0.7547773 0.3468013 

-0.3972512 -0.7150522 0.3468013 
0.3972512 -0.7150522 0.3468013 
0.0000000 -1.1123034 0.3468013 

0.5164266 0.0000000 0.3468013 
1.3109290 0.0000000 0.3468013 
0.9136778 -0.3972512 0.3468013 

